id,Status_C,Status_CL,Status_D
15000,0.6774529780564262,0.21525862068965515,0.1072884012539185
15001,0.6782461025066232,0.23408213709337106,0.08767176040000578
15002,0.7147662840687866,0.17484141791044777,0.11039229802076575
15003,0.7190740740740741,0.075,0.20592592592592593
15004,0.06069189242245779,0.0005,0.9388081075775423
15005,0.01,0.01,0.98
15006,0.8341295519810685,0.047376314780948246,0.11849413323798329
15007,0.13,0.025,0.845
15008,0.29003550714528376,0.0528769086149314,0.657087584239785
15009,0.06,0.01,0.93
15010,0.722546579623418,0.0950275229357798,0.1824258974408022
15011,0.051971285216355544,0.0,0.9480287147836445
15012,0.6376779933594151,0.19174986870732486,0.17057213793326007
15013,0.37398693249701315,0.37124298088410995,0.25477008661887696
15014,0.2915024741340531,0.135,0.5734975258659469
15015,0.055694029174594546,0.025,0.9193059708254054
15016,0.7541134254061707,0.17098512414904962,0.07490145044477954
15017,0.02,0.005,0.975
15018,0.6357703081589348,0.16153524733081223,0.20269444451025284
15019,0.5846,0.04,0.3754
15020,0.0750328947368421,0.04,0.8849671052631579
15021,0.7041085479854141,0.1717547777207537,0.12413667429383228
15022,0.5994275367669826,0.2687953576727776,0.1317771055602398
15023,0.6463421052631579,0.02,0.3336578947368421
15024,0.6102026341111586,0.1295737737504355,0.260223592138406
15025,0.6953243652898826,0.1634006568144499,0.14127497789566756
15026,0.3767143341917135,0.5183233102075593,0.10496235560072721
15027,0.1330092073433541,0.04508,0.821910792656646
15028,0.6686918226530902,0.12228393085787452,0.2090242464890352
15029,0.06,0.045,0.895
15030,0.5772175748450377,0.1449117023781493,0.27787072277681313
15031,0.5384374467441593,0.10041481458456372,0.36114773867127686
15032,0.4728273752201188,0.041588012005649724,0.48558461277423143
15033,0.335,0.04,0.625
15034,0.581832162444232,0.23831455120694386,0.17985328634882428
15035,0.5068723792325462,0.20503771760685496,0.2880899031605988
15036,0.3139342403628118,0.021326530612244897,0.6647392290249434
15037,0.17917020360048866,0.26335678293757137,0.55747301346194
15038,0.49261292930419265,0.026356378233719887,0.4810306924620874
15039,0.7211064749171414,0.10222982849397586,0.1766636965888827
15040,0.5196602857562949,0.18411711280365073,0.2962226014400544
15041,0.8400726495726496,0.09461630036630037,0.06531105006105006
15042,0.6466357924122641,0.13687827102490002,0.2164859365628358
15043,0.5759862225233512,0.08093918869908968,0.34307458877755903
15044,0.17348157260758124,0.22130119043279592,0.6052172369596228
15045,0.585,0.06,0.355
15046,0.7637694920245085,0.17641786508104357,0.059812642894448105
15047,0.49948062654369657,0.1495215185916836,0.3509978548646198
15048,0.522885324643228,0.3725968700183197,0.10451780533845233
15049,0.05505300353356891,0.05,0.8949469964664312
15050,0.11552603574180767,0.06696428571428571,0.8175096785439067
15051,0.6487561036726126,0.25490473653622625,0.09633915979116106
15052,0.16,0.15495901639344262,0.6850409836065574
15053,0.035,0.03,0.935
15054,0.5,0.205,0.295
15055,0.2982282433063404,0.44464177134832333,0.2571299853453364
15056,0.5631969434103528,0.15939059677177672,0.2774124598178706
15057,0.47,0.03,0.5
15058,0.4275769948142616,0.05982481903017618,0.5125981861555621
15059,0.5049404921133608,0.11593333333333333,0.379126174553306
15060,0.8525936744033998,0.09671666666666667,0.050689658929933525
15061,0.597061391706045,0.20122508112666207,0.2017135271672929
15062,0.0575,0.04,0.9025
15063,0.5972613970588235,0.14,0.26273860294117646
15064,0.29809288431010666,0.08301853786986393,0.6188885778200295
15065,0.04512578616352201,0.030062893081761004,0.924811320754717
15066,0.4392555374923796,0.17724446250762044,0.3835
15067,0.7147058823529412,0.17,0.11529411764705882
15068,0.793688612108437,0.1057924736090961,0.10051891428246698
15069,0.6809103443139438,0.14539045030661318,0.173699205379443
15070,0.41691386385573204,0.07067707515321706,0.512409060991051
15071,0.1725361947943475,0.13085669000816133,0.6966071151974912
15072,0.4408973029031392,0.10735992667286512,0.4517427704239958
15073,0.13993006993006993,0.06022727272727273,0.7998426573426574
15074,0.49760550126452047,0.22345327303777254,0.278941225697707
15075,0.7352578306900428,0.08123711231498086,0.18350505699497635
15076,0.7174531451289029,0.12268022567050554,0.15986662920059153
15077,0.5641136752136753,0.2076190476190476,0.2282672771672772
15078,0.3554994111866523,0.40720089616993715,0.2372996926434105
15079,0.6478981126430654,0.2281923320875856,0.1239095552693491
15080,0.1915328947368421,0.01,0.7984671052631578
15081,0.4085839802326554,0.17608226786440143,0.4153337519029432
15082,0.5461019635126778,0.09467171717171716,0.359226319315605
15083,0.4625613072300211,0.065,0.4724386927699789
15084,0.7021500402066713,0.06685725515600013,0.23099270463732846
15085,0.6675008267239504,0.0751184320266889,0.25738074124936067
15086,0.6543468295536448,0.031703159041394334,0.3139500114049609
15087,0.8965694073531294,0.045014662756598246,0.05841592989027234
15088,0.5523349282296651,0.01,0.43766507177033487
15089,0.5684285396001689,0.3211001654745383,0.11047129492529276
15090,0.3475341301106476,0.18384976630153818,0.46861610358781425
15091,0.6242307957644381,0.3175252116406338,0.05824399259492817
15092,0.6697079267557103,0.04042829357206764,0.28986377967222204
15093,0.278361443448842,0.5840433488453406,0.13759520770581724
15094,0.7643956223942823,0.15036415525114155,0.08524022235457615
15095,0.7224352397377123,0.2022954493256811,0.07526931093660663
15096,0.20065984590122526,0.12943678160919542,0.6699033724895793
15097,0.6905971133369707,0.1064852794915908,0.20291760717143847
15098,0.6148685301844807,0.09337952301291655,0.29175194680260275
15099,0.41564383367791746,0.3645096103857492,0.21984655593633343
15100,0.6296318786013214,0.25474139844617094,0.11562672295250767
15101,0.853851497669638,0.07008872269422874,0.07605977963613342
15102,0.07038324751573405,0.005067661614599444,0.9245490908696664
15103,0.4173257513387225,0.47918948921924903,0.10348475944202846
15104,0.5484084738066075,0.11764451319834493,0.3339470129950476
15105,0.19,0.16083333333333336,0.6491666666666666
15106,0.1316767911788508,0.0715512214031888,0.7967719874179605
15107,0.09853820470158528,0.5665488815199917,0.33491291377842286
15108,0.02,0.015,0.965
15109,0.08622385866535931,0.010244200244200244,0.9035319410904404
15110,0.3233867158117516,0.020617783698845392,0.6559955004894029
15111,0.035028089887640446,0.025555555555555554,0.939416354556804
15112,0.08525890775890776,0.08506410256410256,0.8296769896769897
15113,0.6240714754675011,0.16514451267189373,0.21078401186060527
15114,0.891875,0.05,0.058125
15115,0.8282737949207214,0.09763856140111762,0.07408764367816092
15116,0.6216422267224762,0.2878863926094742,0.09047138066804986
15117,0.3889242865969031,0.10342468538367194,0.5076510280194249
15118,0.6164236197592363,0.23049294312992946,0.15308343711083439
15119,0.311189224946699,0.01,0.678810775053301
15120,0.18283096841907004,0.09289004445728409,0.7242789871236459
15121,0.0,0.005,0.995
15122,0.3423349713055955,0.0056905778164924505,0.6519744508779121
15123,0.08599016983315373,0.835412104013229,0.07859772615361729
15124,0.2350943396226415,0.04504716981132075,0.7198584905660377
15125,0.6984324419422941,0.13017241379310346,0.17139514426460237
15126,0.6176069351457281,0.28617222354405397,0.09622084131021787
15127,0.6589860439002108,0.044786324786324785,0.2962276313134644
15128,0.5015282042144122,0.2674354418086599,0.23103635397692776
15129,0.4712762380163696,0.060064102564102564,0.46865965941952786
15130,0.18648694746945385,0.4449833883407933,0.36852966418975286
15131,0.6128988620571408,0.2815527189705272,0.10554841897233201
15132,0.6258871322787505,0.09541481458456373,0.2786980531366858
15133,0.7951861402095085,0.12981385979049154,0.075
15134,0.34793554858840614,0.07818798943892792,0.573876461972666
15135,0.5490373019456773,0.12547165882649755,0.3254910392278251
15136,0.1003046953046953,0.02434065934065934,0.8753546453546452
15137,0.44447279926977273,0.1412925386841658,0.4142346620460614
15138,0.28600359836324957,0.26695024139745993,0.4470461602392907
15139,0.035,0.09714285714285716,0.8678571428571429
15140,0.0,0.005030769230769231,0.9949692307692308
15141,0.025,0.045,0.93
15142,0.8770593121874997,0.055936785235333325,0.0670039025771669
15143,0.3324948506694457,0.5518479910591679,0.11565715827138648
15144,0.4383283233638331,0.2619435346606133,0.29972814197555353
15145,0.8899256248617563,0.055,0.05507437513824375
15146,0.5911373408422548,0.09008547696014141,0.31877718219760387
15147,0.36191258439280943,0.4224519623372889,0.21563545326990174
15148,0.6351123595505618,0.18483146067415732,0.1800561797752809
15149,0.4648927895645673,0.18198303061846485,0.353124179816968
15150,0.19231030741150676,0.17293031847550178,0.6347593741129915
15151,0.3779130434782608,0.04,0.5820869565217391
15152,0.31201525821596243,0.105,0.5829847417840376
15153,0.1973268398268398,0.08035714285714285,0.7223160173160172
15154,0.6559625164356462,0.10569375520777133,0.23834372835658246
15155,0.17185213606428987,0.060119136262099776,0.7680287276736102
15156,0.6783362573099414,0.049722222222222216,0.27194152046783626
15157,0.4056450624846851,0.01,0.5843549375153148
15158,0.7274479817705519,0.2574362287557639,0.015115789473684211
15159,0.7572883014766251,0.05446786107182147,0.18824383745155338
15160,0.1,0.035,0.865
15161,0.63647408008658,0.08233809523809522,0.2811878246753247
15162,0.4407507095567227,0.00043147417503586796,0.5588178162682415
15163,0.33080510398869223,0.46657545233071185,0.20261944368059606
15164,0.6093502137697184,0.035,0.3556497862302816
15165,0.6580480810098563,0.11549434405681681,0.2264575749333268
15166,0.665,0.215,0.12
15167,0.6874906580561517,0.08516269558328382,0.22734664636056442
15168,0.5726617319285929,0.35669081563943317,0.070647452431974
15169,0.1485758151313599,0.06934693974304271,0.7820772451255971
15170,0.6148441558441559,0.1100909090909091,0.27506493506493507
15171,0.095,0.06,0.845
15172,0.3623836993398129,0.0990763888888889,0.5385399117712981
15173,0.4477227293652598,0.09026305108622182,0.4620142195485183
15174,0.8379570358447045,0.08002938871473354,0.08201357544056201
15175,0.4620096326272746,0.2570668408152038,0.2809235265575217
15176,0.7059332552589587,0.12802435089057915,0.16604239385046235
15177,0.6324176660101373,0.18331765002477318,0.18426468396508952
15178,0.541234691427378,0.1279287908264,0.33083651774622197
15179,0.7548333333333334,0.12516666666666668,0.12
15180,0.085,0.01503076923076923,0.8999692307692309
15181,0.5002030992809494,0.16954674911201592,0.33025015160703464
15182,0.3414224137931034,0.048125,0.6104525862068966
15183,0.653950885694633,0.22628186998590447,0.1197672443194626
15184,0.34806350324662333,0.0881423221055368,0.5637941746478399
15185,0.23276556853376593,0.00516260162601626,0.7620718298402178
15186,0.1922051282051282,0.055,0.7527948717948718
15187,0.586069749216301,0.09295454545454546,0.32097570532915365
15188,0.6097421328671327,0.14300262237762237,0.24725524475524477
15189,0.020102992416478786,0.0897045413910245,0.8901924661924967
15190,0.4181291306802381,0.133459967903126,0.44841090141663587
15191,0.49063275009853824,0.07289472217833817,0.4364725277231235
15192,0.4728917178203298,0.16953232793487502,0.35757595424479516
15193,0.6408924484012414,0.19005691165051336,0.16905063994824535
15194,0.4569889494026349,0.30527570071583915,0.237735349881526
15195,0.04007410057998241,0.03134406037000974,0.9285818390500079
15196,0.6955645161290324,0.1891935483870968,0.11524193548387096
15197,0.01,0.045,0.945
15198,0.39697021398977056,0.1615536129425414,0.4414761730676879
15199,0.5670592594125186,0.2207691513288643,0.21217158925861695
15200,0.3209808387754249,0.0550210970464135,0.6239980641781616
15201,0.5476870867991326,0.37162436795861453,0.08068854524225288
15202,0.04664292616676371,0.08042043399638336,0.8729366398368529
15203,0.13054814985060906,0.03,0.8394518501493908
15204,0.46772986827579166,0.45065155754424807,0.08161857417996038
15205,0.12546536796536797,0.02,0.8545346320346322
15206,0.040357142857142855,0.005,0.9546428571428572
15207,0.615,0.01,0.375
15208,0.6619168758292133,0.05421597609482122,0.2838671480759654
15209,0.7482203898050974,0.04,0.21177961019490255
15210,0.733107758588861,0.13460580842477876,0.13228643298636011
15211,0.485105473848032,0.4153876370006705,0.09950688915129749
15212,0.6798871138344822,0.06988766094029251,0.2502252252252252
15213,0.5408275348516507,0.2577549850378947,0.20141748011045457
15214,0.4027039169178498,0.07989266483938566,0.5174034182427646
15215,0.050553003533568903,0.0105,0.9389469964664312
15216,0.5428307145610476,0.17422394645538566,0.2829453389835669
15217,0.15786246364849563,0.21581481869698912,0.6263227176545153
15218,0.5551087249645321,0.09773641589207357,0.34715485914339433
15219,0.28036793844975394,0.01525751688025355,0.7043745446699924
15220,0.5356464682008549,0.2231689650705928,0.24118456672855232
15221,0.460755944931164,0.049990998363338784,0.48925305670549735
15222,0.6820237118695807,0.06071226795803067,0.25726402017238886
15223,0.4409725274725274,0.030357142857142857,0.5286703296703297
15224,0.5294569328214973,0.2673543910580831,0.20318867612041955
15225,0.5664507037385565,0.1424754370496475,0.2910738592117959
15226,0.7172559664453957,0.05616615427414053,0.22657787928046375
15227,0.4074897421961273,0.00538507033140346,0.5871251874724692
15228,0.695,0.065,0.24
15229,0.36345575595589397,0.2799550654101008,0.3565891786340053
15230,0.31060187581379256,0.041890505708194255,0.6475076184780133
15231,0.20280777821574036,0.1505256372355801,0.6466665845486795
15232,0.09142543859649123,0.025,0.8835745614035088
15233,0.2839497863247863,0.015048076923076923,0.7010021367521366
15234,0.4516059697424015,0.2634051724137931,0.2849888578438054
15235,0.664794982316534,0.15840038314176244,0.1768046345417035
15236,0.10012578616352201,0.10995372277608415,0.7899204910603937
15237,0.2849646020819205,0.4879498620082879,0.22708553590979164
15238,0.5987996726294604,0.178727906088798,0.22247242128174144
15239,0.7814224824045067,0.09285949970145894,0.12571801789403433
15240,0.7859113300492611,0.13841013824884793,0.075678531701891
15241,0.43843793604834763,0.3410453092777548,0.22051675467389756
15242,0.32551123253893877,0.0401302717900656,0.6343584956709957
15243,0.12533053125814905,0.07569314861413592,0.7989763201277151
15244,0.685,0.07,0.245
15245,0.8052147436637133,0.10306893116617726,0.09171632517010975
15246,0.7514539007092199,0.20708333333333337,0.04146276595744681
15247,0.5814321636073326,0.3024000975638621,0.1161677388288053
15248,0.41684702359995734,0.4676158885161128,0.11553708788393
15249,0.13783690183872968,0.6571248914080203,0.20503820675324985
15250,0.2929987329812395,0.45068765764454766,0.2563136093742127
15251,0.6310189239274228,0.2719106792984215,0.09707039677415562
15252,0.6394594594594595,0.18054054054054056,0.18
15253,0.7144846846846847,0.05009009009009009,0.23542522522522522
15254,0.406,0.2381818181818182,0.35581818181818187
15255,0.33858789375828846,0.10182422402159244,0.559587882220119
15256,0.010116373139174078,3.3261633702324114e-05,0.9898503652271237
15257,0.18197502630546641,0.01546160812333319,0.8025633655712003
15258,0.6432773527651071,0.3006927413005807,0.05602990593431234
15259,0.2812653730491867,0.18461938962877616,0.5341152373220371
15260,0.5317848024567452,0.1047017614738203,0.36351343606943454
15261,0.38249436373739776,0.06026315789473684,0.5572424783678653
15262,0.6548435069379474,0.06062729681341567,0.2845291962486368
15263,0.41875,0.045,0.53625
15264,0.8012983870967741,0.049,0.14970161290322578
15265,0.41586466516297405,0.11702111428449481,0.46711422055253116
15266,0.6634275159824695,0.10088437001594895,0.23568811400158146
15267,0.7261115700046387,0.17383880588953918,0.10004962410582205
15268,0.5071681110457519,0.42215948220105637,0.07067240675319188
15269,0.4591346153846154,0.02,0.5208653846153846
15270,0.3426846846846847,0.0700900900900901,0.5872252252252252
15271,0.12188264610614592,0.7826953471691347,0.09542200672471964
15272,0.6788387805509154,0.08020343634612402,0.24095778310296054
15273,0.6908101389844802,0.2740336110155198,0.03515625
15274,0.5885625650533438,0.1347848563947437,0.2766525785519126
15275,0.6961876013840171,0.12899897780110747,0.17481342081487544
15276,0.6859100267610017,0.13671551638368779,0.17737445685531056
15277,0.2211287430524701,0.2278469642113059,0.5510242927362241
15278,0.7455527210884354,0.055034013605442175,0.19941326530612244
15279,0.3722060347374478,0.125344224160719,0.5024497411018333
15280,0.46166085854129835,0.2684920078319774,0.26984713362672436
15281,0.5412639529946752,0.1331652986776106,0.3255707483277142
15282,0.24,0.075,0.685
15283,0.3993528170542131,0.19970896286574366,0.4009382200800433
15284,0.2634761904761904,0.07004761904761905,0.6664761904761904
15285,0.7228196334047268,0.2223344161519986,0.0548459504432747
15286,0.6109939719989629,0.31913123325555265,0.0698747947454844
15287,0.4041826707097934,0.005,0.5908173292902066
15288,0.5160489417989418,0.20401455026455026,0.27993650793650793
15289,0.6280871366443519,0.2292277385240932,0.14268512483155502
15290,0.14,0.115,0.745
15291,0.6284233079839892,0.24495762711864408,0.1266190648973668
15292,0.7836434294871794,0.08002604166666666,0.13633052884615385
15293,0.01,0.0,0.99
15294,0.365490661936264,0.20387843612308024,0.4306309019406559
15295,0.7492810978991958,0.13536717957886113,0.11535172252194306
15296,0.4188429832027175,0.11580327626732931,0.4653537405299531
15297,0.6635251937984497,0.04,0.29647480620155037
15298,0.5114054756350038,0.045148514851485154,0.4434460095135109
15299,0.42168919400684113,0.0877939393939394,0.49051686659921956
15300,0.5204127232275128,0.3315769773083163,0.14801029946417102
15301,0.773142354108954,0.17288962759217416,0.05396801829887187
15302,0.19274474934630106,0.6325963933253318,0.17465885732836714
15303,0.7604253726005212,0.16272284644194757,0.07685178095753113
15304,0.72981704444187,0.13249060028242465,0.1376923552757052
15305,0.6463691535088811,0.1286889850241732,0.22494186146694584
15306,0.6377849988851859,0.2959087175070439,0.06630628360777022
15307,0.767551724137931,0.14944827586206896,0.083
15308,0.49464452214452215,0.03519230769230769,0.47016317016317016
15309,0.04753294205206858,0.9377686726194896,0.014698385328441777
15310,0.8836124169346664,0.04195418080008615,0.07443340226524751
15311,0.0009193382788888406,0.005,0.9940806617211112
15312,0.5850212525093013,0.06750983324624574,0.34746891424445303
15313,0.4219696292494733,0.11065542996813792,0.4673749407823887
15314,0.6841108372112876,0.18036212635466387,0.13552703643404865
15315,0.6132011869333982,0.12006060606060606,0.2667382070059957
15316,0.055,0.005,0.94
15317,0.07588523562831635,0.10999674964325352,0.8141180147284302
15318,0.5606377773458364,0.21769334160904047,0.2216688810451232
15319,0.46306173496795977,0.170360020720617,0.3665782443114232
15320,0.4604166499566504,0.23779275529753646,0.30179059474581316
15321,0.5298730696798494,0.07502824858757062,0.39509868173258006
15322,0.5876647144603718,0.3144803077233009,0.09785497781632724
15323,0.6418031052262537,0.0751,0.2830968947737461
15324,0.7704826297273526,0.16934701618229325,0.06017035409035409
15325,0.43381111928632665,0.01,0.5561888807136733
15326,0.7738622549019607,0.10012450980392157,0.12601323529411765
15327,0.7728971249745443,0.07612503876435567,0.15097783626110003
15328,0.5065596846846847,0.0700900900900901,0.4233502252252252
15329,0.39824584677419744,0.17286111772182847,0.4288930355039743
15330,0.10387583951425781,0.025286681339202345,0.8708374791465396
15331,0.14525473437238146,0.030064102564102566,0.824681163063516
15332,0.9347579489476041,0.0450909090909091,0.02015114196148679
15333,0.06025028604118994,0.01,0.9297497139588101
15334,0.6214357864357865,0.03203703703703704,0.3465271765271766
15335,0.49516318776133267,0.10100835020242915,0.4038284620362381
15336,0.04549180327868853,0.02502040816326531,0.9294877885580461
15337,0.6481818181818181,0.005,0.3468181818181818
15338,0.12446753246753246,0.04,0.8355324675324676
15339,0.3953058719735549,0.0001626016260162602,0.6045315264004288
15340,0.02,0.03,0.95
15341,0.33468259519742255,0.030306122448979594,0.6350112823535979
15342,0.8662040732939635,0.06576340551630638,0.06803252118973005
15343,0.085,0.0,0.915
15344,0.6516636945914459,0.2782287176395846,0.07010758776896943
15345,0.7146166357739284,0.11005494505494505,0.17532841917112651
15346,0.0911111111111111,0.015,0.8938888888888888
15347,0.344843820861678,0.11055824829931973,0.5445979308390023
15348,0.4925813949097425,0.02194774273345702,0.4854708623568005
15349,0.4703899653908526,0.28340028405721235,0.2462097505519351
15350,0.45894575352347494,0.03,0.5110542464765251
15351,0.6493482380192908,0.0712280701754386,0.2794236918052707
15352,0.03513157894736842,0.01003076923076923,0.9548376518218624
15353,0.7540693930833762,0.16975560691662386,0.07617499999999999
15354,0.5179040234075201,0.2914990289510668,0.19059694764141313
15355,0.14536821559942947,0.04524390243902439,0.8093878819615462
15356,0.7271653478330765,0.19992439575666712,0.0729102564102564
15357,0.4436009875713186,0.17379873149778205,0.3826002809308992
15358,0.005,0.00625,0.98875
15359,0.4162048788911356,0.1765366855553296,0.4072584355535349
15360,0.1271980386473775,0.010743384049710394,0.862058577302912
15361,0.8686976429367733,0.09299908424908424,0.03830327281414238
15362,0.3848369833330368,0.03566393837792825,0.5794990782890349
15363,0.035340941048250606,0.00012167832167832168,0.9645373806300711
15364,0.28386730654537545,0.4906810451827891,0.22545164827183545
15365,0.26190095510218964,0.02678282360210071,0.7113162212957097
15366,0.7546282026801164,0.11620607018637777,0.12916572713350585
15367,0.3817857142857143,0.35404761904761906,0.26416666666666666
15368,0.005012853470437018,0.015064030864471556,0.9799231156650915
15369,0.5135772352647353,0.05509615384615385,0.43132661088911084
15370,0.010032894736842107,0.045,0.944967105263158
15371,0.24017341040462425,0.075,0.6848265895953758
15372,0.1844970813479988,0.00021518151815181518,0.8152877371338494
15373,0.5633883138958649,0.24613843343895042,0.1904732526651848
15374,0.13137777511065019,0.5970762360182525,0.2715459888710971
15375,0.3856553697284355,0.06522549470777726,0.5491191355637871
15376,0.6594659821909679,0.22709132560497097,0.11344269220406121
15377,0.6945726495726495,0.18975084663763908,0.11567650378971134
15378,0.30159884559884564,0.07,0.6284011544011544
15379,0.21263157894736842,0.005,0.7823684210526315
15380,0.6159962461855967,0.30650159853892217,0.07750215527548115
15381,0.688718104355689,0.10529858422761779,0.20598331141669327
15382,0.6042253875968993,0.24712264150943397,0.1486519708936668
15383,0.08933333333333333,0.025,0.8856666666666666
15384,0.7563994523362857,0.10572511632037104,0.13787543134334343
15385,0.5637706289284321,0.3313628247901538,0.10486654628141417
15386,0.5692613333478816,0.30917928872802486,0.12155937792409338
15387,0.36466025824975185,0.48270343951087935,0.15263630223936894
15388,0.6132451441102756,0.27521428571428574,0.1115405701754386
15389,0.2429130239001178,0.20645969559698138,0.550627280502901
15390,0.17209976409678604,0.10698011363636364,0.7209201222668503
15391,0.27192369591436755,0.11023794986108419,0.6178383542245482
15392,0.6723306615353084,0.10086096238330587,0.22680837608138563
15393,0.58775,0.06,0.35225
15394,0.5018350383631713,0.02,0.47816496163682864
15395,0.7103556643216317,0.1335230701535976,0.15612126552477065
15396,0.035,0.055,0.91
15397,0.2803640248268686,0.12456912266247926,0.5950668525106522
15398,0.4723061820763105,0.34706607117640026,0.18062774674728943
15399,0.7207482232909519,0.18991844337571476,0.08933333333333333
15400,0.22301132409436597,0.12785833454668996,0.6491303413589441
15401,0.5861855158730158,0.105,0.30881448412698415
15402,0.035,0.015,0.95
15403,0.19236843316673558,0.06004166666666667,0.7475899001665978
15404,0.5889804857621441,0.24429600834360485,0.16672350589425114
15405,0.7497276908292148,0.0701317957166392,0.18014051345414608
15406,0.6221595848200205,0.2904064775284159,0.08743393765156351
15407,0.5440374331550802,0.025,0.43096256684491974
15408,0.2784591194968553,0.100062893081761,0.6214779874213836
15409,0.15510391304347826,0.24961688097054227,0.5952792059859795
15410,0.6337882283239071,0.10074068670051814,0.26547108497557476
15411,0.8014768312707758,0.07350574712643679,0.12501742160278745
15412,0.02,0.05,0.93
15413,0.6495817812754889,0.15201032713940033,0.19840789158511069
15414,0.6246061552423661,0.18952260837070256,0.18587123638693145
15415,0.5469327731092437,0.08088235294117646,0.3721848739495799
15416,0.10585515196549813,0.035902031063321384,0.8582428169711804
15417,0.020045748207279127,0.005012853470437018,0.9749413983222839
15418,0.7823253004179728,0.06000783699059561,0.15766686259143156
15419,0.5270093244331211,0.22889798612016368,0.24409268944671528
15420,0.39128968253968255,0.35659722222222223,0.2521130952380953
15421,0.04875,0.035,0.91625
15422,0.08359724696362171,0.8822747678509358,0.03412798518544238
15423,0.06955026496173682,0.005456712361633603,0.9249930226766293
15424,0.6076969610122173,0.14534993849312705,0.24695310049465577
15425,0.8256531601059385,0.13640145008847265,0.03794538980558887
15426,0.8597103109656301,0.1,0.040289689034369885
15427,0.21072771961184883,0.025,0.7642722803881512
15428,0.19632020542647727,0.741805883811202,0.06187391076232083
15429,0.11762988581077645,0.8269031984067762,0.055466915782447675
15430,0.35868525618793545,0.4397194573915528,0.20159528642051172
15431,0.0,0.015,0.985
15432,0.10020408163265306,0.0001020408163265306,0.8996938775510205
15433,0.37525792394820656,0.24449564880287755,0.38024642724891594
15434,0.8591895604395604,0.10528571428571429,0.03552472527472527
15435,0.5940487012987014,0.09307167832167831,0.31287962037962036
15436,0.8268205456448748,0.056850282474377865,0.11632917188074746
15437,0.5134389346472586,0.20171082280584773,0.2848502425468935
15438,0.2263402233301614,0.07,0.7036597766698387
15439,0.3404595179266298,0.09747702687937064,0.5620634551939996
15440,0.5557142857142857,0.015357142857142857,0.4289285714285714
15441,0.3472055009915069,0.5654230347193557,0.0873714642891374
15442,0.5416463150974337,0.04544735506429055,0.4129063298382757
15443,0.6315399699280515,0.10630388264347249,0.2621561474284758
15444,0.576638035402833,0.1534932401876369,0.26986872440953014
15445,0.5621611760590856,0.03016260162601626,0.40767622231489825
15446,0.08005434782608695,0.3694529383659818,0.5504927138079312
15447,0.45143255811547833,0.33396444958663357,0.21460299229788807
15448,0.3131428571428571,0.07504761904761904,0.6118095238095238
15449,0.63635633779454,0.27813293697563357,0.08551072522982635
15450,0.57,0.15,0.28
15451,0.683805194805195,0.06511904761904762,0.2510757575757576
15452,0.7618209158818722,0.17595095374126313,0.06222813037686478
15453,0.29711168121094594,0.10003267973856209,0.602855639050492
15454,0.5977423896804767,0.07434886920992442,0.3279087411095989
15455,0.6459021643546461,0.11751756249309567,0.23658027315225819
15456,0.03666666666666667,0.015,0.9483333333333335
15457,0.0770995670995671,0.0,0.9229004329004329
15458,0.596438055488331,0.282878588568863,0.1206833559428061
15459,0.43502159418739983,0.23990310291836642,0.3250753028942339
15460,0.6921649891774893,0.14166666666666666,0.16616834415584414
15461,0.27517857142857144,0.095,0.6298214285714285
15462,0.33096854229053585,0.056456673441734405,0.6125747842677298
15463,0.13691768511861968,0.04170673076923077,0.8213755841121495
15464,0.6824843675944346,0.16752536008551766,0.14999027232004783
15465,0.6553286504758107,0.07009803921568628,0.274573310308503
15466,0.045,3.076923076923077e-05,0.9549692307692308
15467,0.4382618342462479,0.503164525659643,0.058573640094109106
15468,0.8871666666666667,0.08266666666666665,0.030166666666666665
15469,0.3781363461068157,0.16992020940663644,0.4519434444865479
15470,0.8035985888783731,0.13039549222804994,0.06600591889357713
15471,0.3572511891402668,0.32357593751444713,0.319172873345286
15472,0.06883622511611805,0.045163301245026315,0.8860004736388555
15473,0.9247063757266436,0.03,0.04529362427335633
15474,0.46012146228313716,0.38361176276511233,0.15626677495175056
15475,0.1363953488372093,0.03523255813953488,0.8283720930232559
15476,0.04782204772246565,0.73141745633589,0.22076049594164457
15477,0.6386553338175965,0.23918304506911475,0.12216162111328878
15478,0.7946043165467626,0.08,0.1253956834532374
15479,0.5584809803660963,0.27018316546915727,0.17133585416474645
15480,0.27629286350287513,0.5456606783769457,0.1780464581201793
15481,0.7513251438657025,0.09501466275659824,0.15366019337769937
15482,0.71,0.21,0.08
15483,0.38699172372197416,0.27168544956133334,0.34132282671669245
15484,0.01,0.005,0.985
15485,0.6422621301002007,0.10472452162327466,0.2530133482765245
15486,0.5314138870963404,0.05212053571428571,0.4164655771893738
15487,0.8997519310754605,0.045,0.055248068924539505
15488,0.616035762483131,0.054797570850202426,0.3291666666666667
15489,0.1175,0.05486842105263157,0.8276315789473684
15490,0.11,0.0,0.89
15491,0.8766978752351381,0.02001466275659824,0.10328746200826372
15492,0.19941132478632484,0.03018353174603175,0.7704051434676435
15493,0.32640038860285,0.5312655351003717,0.1423340762967783
15494,0.06209859154929576,0.2318235294117647,0.7060778790389395
15495,0.6260850976107367,0.1556065636840227,0.2183083387052404
15496,0.5800227296684333,0.3039375341503634,0.11603973618120338
15497,0.4143683599185188,0.5497753924520195,0.035856247629461664
15498,0.5723697945256638,0.08468888828416622,0.34294131719017
15499,0.14,0.09,0.77
15500,0.25006493506493505,0.12493506493506494,0.625
15501,0.015622197621199492,0.9710852634440253,0.01329253893477545
15502,0.7275666666666666,0.06,0.21243333333333334
15503,0.6611883566176167,0.14560842080448647,0.1932032225778969
15504,0.6083890069423564,0.32625156725468385,0.06535942580295971
15505,0.181445122293041,0.03559090909090909,0.7829639686160499
15506,0.4148238377147308,0.01523655547991831,0.5699396068053507
15507,0.7126955857155347,0.03594405619178201,0.2513603580926832
15508,0.548744185195502,0.12010149846311474,0.3311543163413832
15509,0.5658477443609022,0.027999999999999997,0.40615225563909774
15510,0.495180061996029,0.11471693738073048,0.3901030006232405
15511,0.5528677734123346,0.2591292137090667,0.18800301287859875
15512,0.5811296070295321,0.12918647001884787,0.2896839229516199
15513,0.36836869376105147,0.03152737862296686,0.6001039276159816
15514,0.665,0.22,0.115
15515,0.02,0.025,0.955
15516,0.75,0.07,0.18
15517,0.5875519989998034,0.2985317831971576,0.11391621780303897
15518,0.22674221974401945,0.00022926829268292686,0.7730285119632976
15519,0.7353481254933665,0.09642549555707451,0.16822637894955902
15520,0.7501123595505618,0.1498314606741573,0.10005617977528089
15521,0.8045674531155476,0.06002923976608187,0.13540330711837065
15522,0.5586597965266065,0.3686806825118044,0.07265952096158922
15523,0.6128575947266232,0.19758847658039103,0.18955392869298604
15524,0.44052489620473045,0.2534845814876538,0.3059905223076157
15525,0.6445295609152751,0.12508451865594722,0.2303859204287776
15526,0.7247222222222223,0.1552777777777778,0.12
15527,0.5439396136132005,0.13242933482730648,0.323631051559493
15528,0.2372502517722195,0.4911771167872658,0.2715726314405146
15529,0.523551724137931,0.13444827586206898,0.342
15530,0.7586388239034513,0.07782197727007052,0.16353919882647822
15531,0.35323325008879664,0.0052021712639858195,0.6415645786472175
15532,0.4302303863229218,0.3544323126685984,0.2153373010084797
15533,0.5114953007497288,0.3213924152484775,0.16711228400179373
15534,0.7809429969298392,0.11945971347287138,0.0995972895972896
15535,0.6968943676687296,0.09375951817352612,0.2093461141577445
15536,0.2583391166408084,0.10982223415682063,0.6318386492023709
15537,0.5179215964972014,0.3455970724191063,0.13648133108369237
15538,0.5018371337177387,0.0925844974806143,0.4055783688016469
15539,0.25014915737972276,0.055,0.6948508426202773
15540,0.2947587325202041,0.032108072908604186,0.6731331945711918
15541,0.6912164158899,0.14582299498746867,0.1629605891226314
15542,0.09512196499153021,0.01,0.89487803500847
15543,0.6113449890718935,0.11591538072359621,0.27273963020451025
15544,0.34378382287109654,0.040065789473684214,0.6161503876552193
15545,0.48863613057777044,0.3680282729916035,0.143335596430626
15546,0.3730140895385032,0.5912550266501299,0.035730883811367395
15547,0.2656945024014683,0.19996495316753773,0.5343405444309938
15548,0.17959804999329676,0.0351316029143898,0.7852703470923135
15549,0.04502659574468085,0.015,0.9399734042553192
15550,0.3360123362230612,0.5286812821437978,0.13530638163314104
15551,0.1918019423159653,0.2624334986738044,0.5457645590102302
15552,0.5702778256993369,0.12105878986512203,0.308663384435541
15553,0.5230517161257943,0.3130686066512172,0.16387967722298835
15554,0.5626287622918322,0.08879746613314499,0.34857377157502273
15555,0.4724652218720935,0.1964892137784317,0.33104556434947485
15556,0.015,0.01,0.975
15557,0.6849779745226945,0.1559170840774762,0.1591049413998293
15558,0.4423023158554073,0.19785678598040238,0.35984089816419035
15559,0.3817540990233524,0.4634823002007343,0.15476360077591333
15560,0.6944136549547356,0.2148263888888889,0.0907599561563756
15561,0.6957335796252664,0.09574371438358435,0.20852270599114925
15562,0.654,0.25,0.096
15563,0.7504704889595297,0.22202951104047033,0.0275
15564,0.04,0.04,0.92
15565,0.41313118752423067,0.25037701006206553,0.3364918024137038
15566,0.8161538461538461,0.103125,0.08072115384615385
15567,0.0350328947368421,0.03,0.934967105263158
15568,0.1596557825215364,0.16416666666666666,0.676177550811797
15569,0.030149048625792815,0.005111317254174397,0.9647396341200328
15570,0.5918099724135716,0.3066272700040977,0.10156275758233077
15571,0.6915763546798029,0.037264115195149675,0.27115953012504734
15572,0.10519842047757264,0.01098776383912675,0.8838138156833008
15573,0.5825730206627372,0.25040824204392814,0.16701873729333472
15574,0.16,0.345,0.495
15575,0.4573758256945019,0.34697479968668177,0.19564937461881635
15576,0.42610957009966305,0.079606835050914,0.49428359484942297
15577,0.06290991919854372,0.0,0.9370900808014564
15578,0.6859480454603919,0.13684465199990237,0.17720730253970582
15579,0.5859082071219772,0.3138606762007425,0.10023111667728042
15580,0.8864363470745316,0.06064678649237473,0.052916866433093616
15581,0.065,0.045,0.89
15582,0.22270844172833526,0.1901056962320534,0.5871858620396113
15583,0.115,0.09,0.795
15584,0.1741736040543793,0.02509259259259259,0.800733803353028
15585,0.020138888888888887,0.05503076923076924,0.924830341880342
15586,0.49325757575757573,0.025,0.4817424242424242
15587,0.6563347763347764,0.052087542087542085,0.29157768157768155
15588,0.781884099995563,0.17085773580378075,0.0472581642006562
15589,0.4667243831535988,0.3228482608822432,0.21042735596415826
15590,0.2313643934987729,0.4880192789215596,0.28061632757966765
15591,0.804657329598506,0.10583263305322127,0.08951003734827263
15592,0.066,0.05,0.884
15593,0.33176111030781485,0.5720851681267056,0.09615372156547973
15594,0.01994897865292602,0.02051282051282051,0.9595382008342536
15595,0.5093208912360293,0.0913170394985106,0.39936206926546014
15596,0.3772134310062399,0.21219070831546957,0.4105958606782905
15597,0.125,0.145,0.73
15598,0.15,0.02,0.83
15599,0.2975424809530226,0.41088866580987554,0.2915688532371019
15600,0.44,0.03,0.53
15601,0.6621581421125939,0.24838015895813811,0.08946169892926789
15602,0.5276898014391879,0.2181398880078393,0.25417031055297284
15603,0.41479877964112705,0.17111754928598655,0.41408367107288646
15604,0.49798987061627514,0.2607260810350698,0.2412840483486551
15605,0.4871203258258365,0.2023303566086178,0.3105493175655457
15606,0.33153354755931097,0.2979782806252272,0.3704881718154619
15607,0.4765437937220767,0.4206553054193655,0.10280090085855775
15608,0.48544178154825024,0.03,0.48455821845174973
15609,0.40452429896605024,0.4860929582868296,0.10938274274712038
15610,0.7503724201900657,0.10789388698620674,0.14173369282372747
15611,0.6547593744653943,0.11503608557816623,0.23020453995643944
15612,0.705416500184721,0.08024104180491042,0.21434245801036858
15613,0.6704839161712283,0.19976245667083298,0.12975362715793867
15614,0.33505434782608695,0.08478260869565218,0.5801630434782609
15615,0.13147378957525768,0.0987154045246643,0.7698108059000779
15616,0.499328259864387,0.12142651986543478,0.3792452202701782
15617,0.20512121212121212,0.13966666666666666,0.6552121212121211
15618,0.7195244937830466,0.10910538883618072,0.17137011738077249
15619,0.4856405736797317,0.29917555167765886,0.2151838746426096
15620,0.4775005876664345,0.025,0.49749941233356554
15621,0.48676041801086906,0.20178946896187455,0.31145011302725656
15622,0.16418850072780203,0.035,0.800811499272198
15623,0.16051492728073605,0.025476613693555788,0.8140084590257082
15624,0.663245786713139,0.16515650262309453,0.17159771066376653
15625,0.7259049403355047,0.2135928951623308,0.06050216450216451
15626,0.7425766775970453,0.07887615276353803,0.1785471696394167
15627,0.47024527186761234,0.015,0.5147547281323877
15628,0.6422696482556582,0.2509309420272315,0.10679940971711024
15629,0.04802301188861659,0.06580805655483331,0.8861689315565501
15630,0.3876342669603849,0.010158382066276804,0.6022073509733384
15631,0.5979679116177785,0.10095902445981501,0.30107306392240657
15632,0.6884691569417737,0.11436721898790864,0.19716362407031776
15633,0.6458555452056219,0.2252337621276497,0.1289106926667283
15634,0.6147526172175928,0.10310447241929807,0.28214291036310923
15635,0.37872129618280637,0.40887692144269266,0.2124017823745009
15636,0.43122692129184914,0.49682703893932856,0.07194603976882226
15637,0.5251154212404894,0.30286632960626636,0.17201824915324423
15638,0.551954094292804,0.2773883374689826,0.17065756823821338
15639,0.49,0.125,0.385
15640,0.5399013883146838,0.2747773044084318,0.1853213072768844
15641,0.6570499566223249,0.1494679005205321,0.19348214285714285
15642,0.4976922323198142,0.33625314958699226,0.1660546180931936
15643,0.7349839743589743,0.015432692307692309,0.24958333333333335
15644,0.3480966386554622,0.0,0.6519033613445379
15645,0.6850533038961549,0.08537506311626443,0.22957163298758068
15646,0.3821424575424575,0.020357142857142855,0.5975003996003996
15647,0.1848508790039775,0.7138810590210377,0.10126806197498464
15648,0.89,0.05,0.06
15649,0.14326688957666595,0.1438991574613911,0.712833952961943
15650,0.5556207428371546,0.00516260162601626,0.4392166555368292
15651,0.6782837844225732,0.12492428575913493,0.19679192981829188
15652,0.5208093317762126,0.1336595744680851,0.3455310937557023
15653,0.6129195971841185,0.2489838512452765,0.13809655157060485
15654,0.1556791396247695,0.035411194796689215,0.8089096655785413
15655,0.03503105590062112,0.07003076923076923,0.8949381748686097
15656,0.659253017321316,0.22151897555728642,0.11922800712139756
15657,0.7409546496405869,0.14071577791625864,0.11832957244315448
15658,0.2918511195902068,0.613314592517401,0.09483428789239254
15659,0.4826937443350057,0.21613027718550107,0.30117597847949307
15660,0.16224080016893766,0.19508917691370337,0.6426700229173591
15661,0.14,0.075,0.785
15662,0.3843013334979628,0.005461309523809524,0.6102373569782277
15663,0.5444250520721109,0.075,0.38057494792788915
15664,0.6665308512721728,0.04570421245421245,0.287764936273615
15665,0.6983169434915467,0.12025641025641026,0.18142664625204308
15666,0.7086440931523293,0.015193534738254195,0.2761623721094166
15667,0.6144835007173601,0.02016260162601626,0.36535389765662357
15668,0.0014078122258109568,4.362270120624876e-05,0.9985485650729828
15669,0.5902192391273967,0.011450831021379426,0.3983299298512238
15670,0.7878642135289762,0.06569503293813331,0.1464407535328906
15671,0.6909807855088838,0.1617371639023861,0.14728205058873034
15672,0.2557214686317986,0.015162601626016261,0.7291159297421851
15673,0.06,0.015,0.925
15674,0.7225614035087718,0.17157894736842105,0.10585964912280701
15675,0.02,0.01,0.97
15676,0.2495149627457794,0.6958080815469572,0.054676955707263594
15677,0.5631891025641026,0.050048076923076924,0.3867628205128205
